Angular velocity for command -150,150 : -1.7463 (40 samples on 1.2884)
[(0.0, 0), (0.005699999999933425, 0.0), (0.14049999999997453, 0.0), (0.16250000000002274, 0.0), (0.2601999999999407, 0.0), (0.29970000000002983, 0.0), (0.4196999999999207, -0.08999999999999986), (0.4635999999999285, 0.08999999999999986), (0.4762999999999238, -0.020000000000000018), (0.5485999999999649, -0.10999999999999988), (0.669399999999996, -0.06999999999999984), (0.7094999999999345, -0.050000000000000266), (0.7223999999999933, -0.1499999999999999), (0.7508000000000266, -0.05999999999999983), (0.8614999999999782, -0.09000000000000008), (0.8941999999999553, -0.08000000000000007), (0.9166000000000167, -0.19999999999999996), (1.0213999999999714, -0.09999999999999987), (1.0797999999999774, -0.09000000000000008)]
[(1.092300000000023, -0.1100000000000001), (1.1619999999999209, -0.07999999999999985), (1.2264000000000124, -0.1100000000000001), (1.2423000000000002, -0.10999999999999999), (1.2854999999999563, -0.10999999999999999), (1.385599999999954, -0.09999999999999998), (1.4308999999999514, -0.10999999999999999), (1.4569000000000187, -0.06000000000000005), (1.5470000000000255, -0.20999999999999996), (1.5789999999999509, 0.09999999999999998), (1.6811999999999898, -0.29), (1.703300000000013, 0.12), (1.827199999999948, -0.28), (1.84699999999998, -0.1), (1.949700000000007, -0.04999999999999999), (1.9882000000000062, -0.12), (2.0756999999999834, -0.25), (2.099899999999934, 0.08999999999999997), (2.20920000000001, -0.39), (2.2310999999999694, 0.08000000000000007), (2.3801999999999452, -0.16000000000000003)]

Angular velocity for command -200,200 : -3.0555 (40 samples on 1.5392)
[(0.0, 0), (0.038000000000010914, 0.0), (0.1371000000000322, 0.010000000000000009), (0.14689999999995962, -0.010000000000000009), (0.28379999999992833, 0.0), (0.3029000000000224, 0.0), (0.40809999999999036, -0.010000000000000009), (0.4352999999999838, -0.06000000000000005), (0.5361000000000331, -0.18999999999999995), (0.5561000000000149, 0.05999999999999994), (0.6704999999999472, -0.37), (0.6816000000000031, 0.12), (0.830600000000004, -0.24), (0.8591999999999871, -0.10999999999999999), (0.9566999999999553, -0.38), (1.0843999999999596, -0.13), (1.09699999999998, -0.10999999999999999), (1.2169000000000096, -0.17000000000000004), (1.3070999999999913, -0.1399999999999999)]
[(1.3326999999999316, -0.29000000000000004), (1.4098999999999933, -0.41999999999999993), (1.5329000000000406, -0.13000000000000012), (1.5552999999999884, -0.11999999999999988), (1.653599999999983, -0.28), (1.751700000000028, -0.11999999999999988), (1.7855999999999312, -0.28000000000000025), (1.8982999999999493, -0.2799999999999998), (1.9068999999999505, -0.16000000000000014), (2.0377999999999474, -0.31000000000000005), (2.1131000000000313, -0.46318530717958595), (2.1848999999999705, -0.16000000000000014), (2.2650999999999613, -0.1499999999999999), (2.4004999999999654, -0.15000000000000036), (2.408900000000017, -0.13999999999999968), (2.540300000000002, -0.31000000000000005), (2.618600000000015, 1.23), (2.6564999999999372, -1.3800000000000001), (2.673999999999978, -0.30999999999999983), (2.7840999999999667, -0.33000000000000007), (2.8718000000000075, -0.15000000000000002)]

Angular velocity for command -250,250 : -3.9936 (40 samples on 1.3555)
[(0.0, 0), (0.02250000000003638, 0.0), (0.18060000000002674, 0.0), (0.18500000000005912, 0.010000000000000231), (0.19590000000005148, 0.0), (0.2736000000001013, 0.0), (0.3829000000000633, -0.050000000000000266), (0.4550000000000409, -0.08000000000000007), (0.5638000000000147, -0.09999999999999964), (0.6863000000000739, -0.2400000000000002), (0.7139000000000806, 0.1299999999999999), (0.7832000000000789, -0.5599999999999998), (0.8764000000001033, -0.1399999999999999), (0.9325000000000045, -0.20000000000000018), (1.025600000000054, -0.51), (1.130800000000022, -0.17999999999999994), (1.1694000000001097, -0.17999999999999994), (1.267400000000066, -0.32), (1.410600000000045, -0.18)]
[(1.456700000000069, -0.35000000000000003), (1.5169000000000779, -0.35), (1.6750000000000682, -0.74), (1.7078000000000202, 0.18999999999999995), (1.7606000000000677, -0.53), (1.9569000000000187, -0.17999999999999994), (1.9841000000000122, -0.16000000000000014), (1.9891000000000076, -1.9031853071795863), (1.9950000000000045, 1.373185307179586), (2.1667000000001053, -0.1499999999999999), (2.2127000000000407, -0.7231853071795857), (2.221200000000067, 0.5631853071795856), (2.266200000000026, -0.753185307179586), (2.375, -0.20000000000000018), (2.4641000000000304, -0.18999999999999995), (2.5230000000000246, -0.18000000000000016), (2.5283000000000584, -0.3799999999999999), (2.6252000000000635, -0.21999999999999997), (2.668600000000083, -0.16999999999999993), (2.7760000000000673, -0.16999999999999993), (2.8115999999999985, -0.19000000000000017)]
